#include "templateMatrix.h"
#include "snippet.h"
#include "math.h"
#include "matlab_utils.h"
#include<iomanip>


/* initialize elastic matrix for further computation */
Scalar mu = default_poisson_ratio;
Scalar E = default_youngs_modulus;
Eigen::Matrix<Scalar, 6, 6> elastic_matrix;
Eigen::Matrix<Scalar, 24, 24> Ke;
Eigen::Matrix<Scalar, 24, 24> Ke11;
Eigen::Matrix<Scalar, 24, 24> Ke12;
Eigen::Matrix<Scalar, 24, 24> Ke44;

Scalar* g_Ke;

Eigen::Matrix<Scalar, 3, 1> dN(int i, Scalar elen, Eigen::Matrix<Scalar, 3, 1>& param) {
	if (i > 7 || i < 0) throw std::runtime_error("");
	int id[3] = { (i % 2),   (i / 2 % 2),   (i / 4) };
	Scalar r[3];
	for (int k = 0; k < 3; k++) {
		r[k] = (id[k] ? param[k] : (1 - param[k]));
	}

	Eigen::Matrix<Scalar, 3, 1> dn;
	for (int k = 0; k < 3; k++) {
		snippet::Zp<3> j;
		dn[k] = (id[k] ? 1.0 / elen : -1.0 / elen) * r[j[k + 1]] * r[j[k + 2]];
	}
	return dn;
}

void initTemplateMatrix(
	Scalar element_len, gpu_manager_t& gm,
	Scalar ymodu /*= default_younds_modulu*/, Scalar ps_ratio /*= default_poisson_ratio*/)
{
	mu = ps_ratio;
	E = ymodu;
	// mu = 0.3;
	// E = 1;
	// element_len = 1;
	Scalar element_len0 = 1;
	elastic_matrix << 1 - mu, mu, mu, 0, 0, 0,
		mu, 1 - mu, mu, 0, 0, 0,
		mu, mu, 1 - mu, 0, 0, 0,
		0, 0, 0, (1 - 2 * mu) / 2, 0, 0,
		0, 0, 0, 0, (1 - 2 * mu) / 2, 0,
		0, 0, 0, 0, 0, (1 - 2 * mu) / 2;
	elastic_matrix *= E / ((1 + mu)*(1 - 2 * mu));
    
	printf("\n\033[33m-- elastic_matrix\n\033[0m");
	std::cout << elastic_matrix << std::endl;

	Eigen::Matrix<Scalar, 3, 1> gs_points[8];
	
	double p = sqrt(3) / 3;

	for (int i = 0; i < 8; i++) {
		int x = 2 * (i % 2) - 1;
		int y = 2 * (i / 2 % 2) - 1;
		int z = 2 * (i / 4) - 1;
		gs_points[i][0] = (x * p + 1) / 2;
		gs_points[i][1] = (y * p + 1) / 2;
		gs_points[i][2] = (z * p + 1) / 2;
	}
	
	printf("\n\033[33m-- gs_points\n\033[0m");
	for(int i=0; i<8; i++){
		std::cout << gs_points[i].transpose() << std::endl;
	}
	
	Ke.fill(0);
	// Gauss Quadrature Point
	for (int i = 0; i < 8; i++) {

		Eigen::Matrix<Scalar, 3, 1> grad_N[8];

		// Element Vertex Point
		for (int k = 0; k < 8; k++) {
			// grad_N[k] = dN(k, element_len, gs_points[i]);
			grad_N[k] = dN(k, element_len0, gs_points[i]);
		}

		
	

		Eigen::Matrix<Scalar, 6, 24> B;

		B.fill(0);

		for (int a = 0; a < 3; a++) {
			int offset = a;
			for (int b = 0; b < 8; b++) {
				B(a, offset) = grad_N[b][a];
				offset += 3;
			}
		}
		int offset = 0;
		/// torsional strain tau
		for (int b = 0; b < 8; b++) {
			/// tau_yz
			B(3, offset + 1) = grad_N[b].z();
			B(3, offset + 2) = grad_N[b].y();
			/// tau_xz
			B(4, offset) = grad_N[b].z();
			B(4, offset + 2) = grad_N[b].x();
			/// tau_xy
			B(5, offset) = grad_N[b].y();
			B(5, offset + 1) = grad_N[b].x();

			offset += 3;
		}
		Ke += B.transpose() * elastic_matrix * B;
		// if(i == 7){
		// 	printf("\n\033[33m-- grad_N\n\033[0m");
		//     for(int ii=0; ii<8; ii++){
		//         std::cout << grad_N[ii].transpose() << std::endl;
	    //     }
		// 	printf("\n\033[33m-- B\n\033[0m");
		// 	// std::cout << std::setw(6) <<std::setfill('@') << B << std::endl;
		// 	for(int ii=0;ii<6;ii++){
		// 		for(int jj=0;jj<24;jj++){
		// 			printf("%6.3f,", B(ii,jj));
		// 		}
		// 		printf("\n");
		// 	}
		// }
	}
	// Ke *= pow(element_len / 2, 3); 
	Ke *= pow(element_len0 / 2, 3); 
	Ke *= element_len;

	// Eigen::Matrix<Scalar, 24, 24> Ke0 = Ke;
    
    // #[[
	// element_len = 0.2336;
	// for (int i = 0; i < 8; i++) {
	// 	int x = 2 * (i % 2) - 1;
	// 	int y = 2 * (i / 2 % 2) - 1;
	// 	int z = 2 * (i / 4) - 1;
	// 	gs_points[i][0] = (x * p + 1) / 2;
	// 	gs_points[i][1] = (y * p + 1) / 2;
	// 	gs_points[i][2] = (z * p + 1) / 2;
	// }
	
	// Ke.fill(0);
	// // Gauss Quadrature Point
	// for (int i = 0; i < 8; i++) {

	// 	Eigen::Matrix<Scalar, 3, 1> grad_N[8];

	// 	// Element Vertex Point
	// 	for (int k = 0; k < 8; k++) {
	// 		grad_N[k] = dN(k, element_len, gs_points[i]);
	// 	}
	// 	Eigen::Matrix<Scalar, 6, 24> B;

	// 	B.fill(0);

	// 	for (int a = 0; a < 3; a++) {
	// 		int offset = a;
	// 		for (int b = 0; b < 8; b++) {
	// 			B(a, offset) = grad_N[b][a];
	// 			offset += 3;
	// 		}
	// 	}
	// 	int offset = 0;
	// 	/// torsional strain tau
	// 	for (int b = 0; b < 8; b++) {
	// 		/// tau_yz
	// 		B(3, offset + 1) = grad_N[b].z();
	// 		B(3, offset + 2) = grad_N[b].y();
	// 		/// tau_xz
	// 		B(4, offset) = grad_N[b].z();
	// 		B(4, offset + 2) = grad_N[b].x();
	// 		/// tau_xy
	// 		B(5, offset) = grad_N[b].y();
	// 		B(5, offset + 1) = grad_N[b].x();

	// 		offset += 3;
	// 	}
	// 	Ke += B.transpose() * elastic_matrix * B;
	// 	if(i == 7){
	// 		printf("\n\033[33m-- grad_N\n\033[0m");
	// 	    for(int ii=0; ii<8; ii++){
	// 	        std::cout << grad_N[ii].transpose() << std::endl;
	//         }
	// 		printf("\n\033[33m-- B\n\033[0m");
	// 		// std::cout << std::setw(6) <<std::setfill('@') << B << std::endl;
	// 		for(int ii=0;ii<6;ii++){
	// 			for(int jj=0;jj<24;jj++){
	// 				printf("%6.3f,", B(ii,jj));
	// 			}
	// 			printf("\n");
	// 		}
	// 	}
	// }
	// Ke *= pow(element_len / 2, 3);
	// printf("\n\033[33m-- Ke./Ke0\n\033[0m");
	// std::cout << Ke.cwiseQuotient(Ke0) << std::endl;
	// #]]  now we know Ke  is proportional to element_len



	// printf("element_len = %f\n", element_len);

	// Eigen::Matrix<Scalar, 24, 24> Ke2;
// 	Ke2 << 2.35042735934257507324218750e-01, 8.01282078027725219726562500e-02, 8.01282078027725219726562500e-02, -1.06837607920169830322265625e-01, 1.60256419330835342407226562e-02, 1.60256419330835342407226562e-02, -8.54700878262519836425781250e-02, -8.01282078027725219726562500e-02, 8.01282096654176712036132812e-03, 5.34188039600849151611328125e-02, -1.60256419330835342407226562e-02, 4.00641039013862609863281250e-02, 5.34188039600849151611328125e-02, 4.00641039013862609863281250e-02, -1.60256419330835342407226562e-02, -8.54700878262519836425781250e-02, 8.01282096654176712036132812e-03, -8.01282078027725219726562500e-02, -5.87606839835643768310546875e-02, -4.00641039013862609863281250e-02, -4.00641039013862609863281250e-02, -5.34188048914074897766113281e-03, -8.01282096654176712036132812e-03, -8.01282096654176712036132812e-03, 
// 8.01282078027725219726562500e-02, 2.35042735934257507324218750e-01, 8.01282078027725219726562500e-02, -1.60256419330835342407226562e-02, 5.34188039600849151611328125e-02, 4.00641039013862609863281250e-02, -8.01282078027725219726562500e-02, -8.54700878262519836425781250e-02, 8.01282096654176712036132812e-03, 1.60256419330835342407226562e-02, -1.06837607920169830322265625e-01, 1.60256419330835342407226562e-02, 4.00641039013862609863281250e-02, 5.34188039600849151611328125e-02, -1.60256419330835342407226562e-02, -8.01282096654176712036132812e-03, -5.34188048914074897766113281e-03, -8.01282096654176712036132812e-03, -4.00641039013862609863281250e-02, -5.87606839835643768310546875e-02, -4.00641039013862609863281250e-02, 8.01282096654176712036132812e-03, -8.54700878262519836425781250e-02, -8.01282078027725219726562500e-02, 
// 8.01282078027725219726562500e-02, 8.01282078027725219726562500e-02, 2.35042735934257507324218750e-01, -1.60256419330835342407226562e-02, 4.00641039013862609863281250e-02, 5.34188039600849151611328125e-02, -8.01282096654176712036132812e-03, -8.01282096654176712036132812e-03, -5.34188048914074897766113281e-03, 4.00641039013862609863281250e-02, -1.60256419330835342407226562e-02, 5.34188039600849151611328125e-02, 1.60256419330835342407226562e-02, 1.60256419330835342407226562e-02, -1.06837607920169830322265625e-01, -8.01282078027725219726562500e-02, 8.01282096654176712036132812e-03, -8.54700878262519836425781250e-02, -4.00641039013862609863281250e-02, -4.00641039013862609863281250e-02, -5.87606839835643768310546875e-02, 8.01282096654176712036132812e-03, -8.01282078027725219726562500e-02, -8.54700878262519836425781250e-02, 
// -1.06837607920169830322265625e-01, -1.60256419330835342407226562e-02, -1.60256419330835342407226562e-02, 2.35042735934257507324218750e-01, -8.01282078027725219726562500e-02, -8.01282078027725219726562500e-02, 5.34188039600849151611328125e-02, 1.60256419330835342407226562e-02, -4.00641039013862609863281250e-02, -8.54700878262519836425781250e-02, 8.01282078027725219726562500e-02, -8.01282096654176712036132812e-03, -8.54700878262519836425781250e-02, -8.01282096654176712036132812e-03, 8.01282078027725219726562500e-02, 5.34188039600849151611328125e-02, -4.00641039013862609863281250e-02, 1.60256419330835342407226562e-02, -5.34188048914074897766113281e-03, 8.01282096654176712036132812e-03, 8.01282096654176712036132812e-03, -5.87606839835643768310546875e-02, 4.00641039013862609863281250e-02, 4.00641039013862609863281250e-02, 
// 1.60256419330835342407226562e-02, 5.34188039600849151611328125e-02, 4.00641039013862609863281250e-02, -8.01282078027725219726562500e-02, 2.35042735934257507324218750e-01, 8.01282078027725219726562500e-02, -1.60256419330835342407226562e-02, -1.06837607920169830322265625e-01, 1.60256419330835342407226562e-02, 8.01282078027725219726562500e-02, -8.54700878262519836425781250e-02, 8.01282096654176712036132812e-03, 8.01282096654176712036132812e-03, -5.34188048914074897766113281e-03, -8.01282096654176712036132812e-03, -4.00641039013862609863281250e-02, 5.34188039600849151611328125e-02, -1.60256419330835342407226562e-02, -8.01282096654176712036132812e-03, -8.54700878262519836425781250e-02, -8.01282078027725219726562500e-02, 4.00641039013862609863281250e-02, -5.87606839835643768310546875e-02, -4.00641039013862609863281250e-02, 
// 1.60256419330835342407226562e-02, 4.00641039013862609863281250e-02, 5.34188039600849151611328125e-02, -8.01282078027725219726562500e-02, 8.01282078027725219726562500e-02, 2.35042735934257507324218750e-01, -4.00641039013862609863281250e-02, -1.60256419330835342407226562e-02, 5.34188039600849151611328125e-02, 8.01282096654176712036132812e-03, -8.01282096654176712036132812e-03, -5.34188048914074897766113281e-03, 8.01282078027725219726562500e-02, 8.01282096654176712036132812e-03, -8.54700878262519836425781250e-02, -1.60256419330835342407226562e-02, 1.60256419330835342407226562e-02, -1.06837607920169830322265625e-01, -8.01282096654176712036132812e-03, -8.01282078027725219726562500e-02, -8.54700878262519836425781250e-02, 4.00641039013862609863281250e-02, -4.00641039013862609863281250e-02, -5.87606839835643768310546875e-02, 
// -8.54700878262519836425781250e-02, -8.01282078027725219726562500e-02, -8.01282096654176712036132812e-03, 5.34188039600849151611328125e-02, -1.60256419330835342407226562e-02, -4.00641039013862609863281250e-02, 2.35042735934257507324218750e-01, 8.01282078027725219726562500e-02, -8.01282078027725219726562500e-02, -1.06837607920169830322265625e-01, 1.60256419330835342407226562e-02, -1.60256419330835342407226562e-02, -5.87606839835643768310546875e-02, -4.00641039013862609863281250e-02, 4.00641039013862609863281250e-02, -5.34188048914074897766113281e-03, -8.01282096654176712036132812e-03, 8.01282096654176712036132812e-03, 5.34188039600849151611328125e-02, 4.00641039013862609863281250e-02, 1.60256419330835342407226562e-02, -8.54700878262519836425781250e-02, 8.01282096654176712036132812e-03, 8.01282078027725219726562500e-02, 
// -8.01282078027725219726562500e-02, -8.54700878262519836425781250e-02, -8.01282096654176712036132812e-03, 1.60256419330835342407226562e-02, -1.06837607920169830322265625e-01, -1.60256419330835342407226562e-02, 8.01282078027725219726562500e-02, 2.35042735934257507324218750e-01, -8.01282078027725219726562500e-02, -1.60256419330835342407226562e-02, 5.34188039600849151611328125e-02, -4.00641039013862609863281250e-02, -4.00641039013862609863281250e-02, -5.87606839835643768310546875e-02, 4.00641039013862609863281250e-02, 8.01282096654176712036132812e-03, -8.54700878262519836425781250e-02, 8.01282078027725219726562500e-02, 4.00641039013862609863281250e-02, 5.34188039600849151611328125e-02, 1.60256419330835342407226562e-02, -8.01282096654176712036132812e-03, -5.34188048914074897766113281e-03, 8.01282096654176712036132812e-03, 
// 8.01282096654176712036132812e-03, 8.01282096654176712036132812e-03, -5.34188048914074897766113281e-03, -4.00641039013862609863281250e-02, 1.60256419330835342407226562e-02, 5.34188039600849151611328125e-02, -8.01282078027725219726562500e-02, -8.01282078027725219726562500e-02, 2.35042735934257507324218750e-01, 1.60256419330835342407226562e-02, -4.00641039013862609863281250e-02, 5.34188039600849151611328125e-02, 4.00641039013862609863281250e-02, 4.00641039013862609863281250e-02, -5.87606839835643768310546875e-02, -8.01282096654176712036132812e-03, 8.01282078027725219726562500e-02, -8.54700878262519836425781250e-02, -1.60256419330835342407226562e-02, -1.60256419330835342407226562e-02, -1.06837607920169830322265625e-01, 8.01282078027725219726562500e-02, -8.01282096654176712036132812e-03, -8.54700878262519836425781250e-02, 
// 5.34188039600849151611328125e-02, 1.60256419330835342407226562e-02, 4.00641039013862609863281250e-02, -8.54700878262519836425781250e-02, 8.01282078027725219726562500e-02, 8.01282096654176712036132812e-03, -1.06837607920169830322265625e-01, -1.60256419330835342407226562e-02, 1.60256419330835342407226562e-02, 2.35042735934257507324218750e-01, -8.01282078027725219726562500e-02, 8.01282078027725219726562500e-02, -5.34188048914074897766113281e-03, 8.01282096654176712036132812e-03, -8.01282096654176712036132812e-03, -5.87606839835643768310546875e-02, 4.00641039013862609863281250e-02, -4.00641039013862609863281250e-02, -8.54700878262519836425781250e-02, -8.01282096654176712036132812e-03, -8.01282078027725219726562500e-02, 5.34188039600849151611328125e-02, -4.00641039013862609863281250e-02, -1.60256419330835342407226562e-02, 
// -1.60256419330835342407226562e-02, -1.06837607920169830322265625e-01, -1.60256419330835342407226562e-02, 8.01282078027725219726562500e-02, -8.54700878262519836425781250e-02, -8.01282096654176712036132812e-03, 1.60256419330835342407226562e-02, 5.34188039600849151611328125e-02, -4.00641039013862609863281250e-02, -8.01282078027725219726562500e-02, 2.35042735934257507324218750e-01, -8.01282078027725219726562500e-02, -8.01282096654176712036132812e-03, -8.54700878262519836425781250e-02, 8.01282078027725219726562500e-02, 4.00641039013862609863281250e-02, -5.87606839835643768310546875e-02, 4.00641039013862609863281250e-02, 8.01282096654176712036132812e-03, -5.34188048914074897766113281e-03, 8.01282096654176712036132812e-03, -4.00641039013862609863281250e-02, 5.34188039600849151611328125e-02, 1.60256419330835342407226562e-02, 
// 4.00641039013862609863281250e-02, 1.60256419330835342407226562e-02, 5.34188039600849151611328125e-02, -8.01282096654176712036132812e-03, 8.01282096654176712036132812e-03, -5.34188048914074897766113281e-03, -1.60256419330835342407226562e-02, -4.00641039013862609863281250e-02, 5.34188039600849151611328125e-02, 8.01282078027725219726562500e-02, -8.01282078027725219726562500e-02, 2.35042735934257507324218750e-01, 8.01282096654176712036132812e-03, 8.01282078027725219726562500e-02, -8.54700878262519836425781250e-02, -4.00641039013862609863281250e-02, 4.00641039013862609863281250e-02, -5.87606839835643768310546875e-02, -8.01282078027725219726562500e-02, -8.01282096654176712036132812e-03, -8.54700878262519836425781250e-02, 1.60256419330835342407226562e-02, -1.60256419330835342407226562e-02, -1.06837607920169830322265625e-01, 
// 5.34188039600849151611328125e-02, 4.00641039013862609863281250e-02, 1.60256419330835342407226562e-02, -8.54700878262519836425781250e-02, 8.01282096654176712036132812e-03, 8.01282078027725219726562500e-02, -5.87606839835643768310546875e-02, -4.00641039013862609863281250e-02, 4.00641039013862609863281250e-02, -5.34188048914074897766113281e-03, -8.01282096654176712036132812e-03, 8.01282096654176712036132812e-03, 2.35042735934257507324218750e-01, 8.01282078027725219726562500e-02, -8.01282078027725219726562500e-02, -1.06837607920169830322265625e-01, 1.60256419330835342407226562e-02, -1.60256419330835342407226562e-02, -8.54700878262519836425781250e-02, -8.01282078027725219726562500e-02, -8.01282096654176712036132812e-03, 5.34188039600849151611328125e-02, -1.60256419330835342407226562e-02, -4.00641039013862609863281250e-02, 
// 4.00641039013862609863281250e-02, 5.34188039600849151611328125e-02, 1.60256419330835342407226562e-02, -8.01282096654176712036132812e-03, -5.34188048914074897766113281e-03, 8.01282096654176712036132812e-03, -4.00641039013862609863281250e-02, -5.87606839835643768310546875e-02, 4.00641039013862609863281250e-02, 8.01282096654176712036132812e-03, -8.54700878262519836425781250e-02, 8.01282078027725219726562500e-02, 8.01282078027725219726562500e-02, 2.35042735934257507324218750e-01, -8.01282078027725219726562500e-02, -1.60256419330835342407226562e-02, 5.34188039600849151611328125e-02, -4.00641039013862609863281250e-02, -8.01282078027725219726562500e-02, -8.54700878262519836425781250e-02, -8.01282096654176712036132812e-03, 1.60256419330835342407226562e-02, -1.06837607920169830322265625e-01, -1.60256419330835342407226562e-02, 
// -1.60256419330835342407226562e-02, -1.60256419330835342407226562e-02, -1.06837607920169830322265625e-01, 8.01282078027725219726562500e-02, -8.01282096654176712036132812e-03, -8.54700878262519836425781250e-02, 4.00641039013862609863281250e-02, 4.00641039013862609863281250e-02, -5.87606839835643768310546875e-02, -8.01282096654176712036132812e-03, 8.01282078027725219726562500e-02, -8.54700878262519836425781250e-02, -8.01282078027725219726562500e-02, -8.01282078027725219726562500e-02, 2.35042735934257507324218750e-01, 1.60256419330835342407226562e-02, -4.00641039013862609863281250e-02, 5.34188039600849151611328125e-02, 8.01282096654176712036132812e-03, 8.01282096654176712036132812e-03, -5.34188048914074897766113281e-03, -4.00641039013862609863281250e-02, 1.60256419330835342407226562e-02, 5.34188039600849151611328125e-02, 
// -8.54700878262519836425781250e-02, -8.01282096654176712036132812e-03, -8.01282078027725219726562500e-02, 5.34188039600849151611328125e-02, -4.00641039013862609863281250e-02, -1.60256419330835342407226562e-02, -5.34188048914074897766113281e-03, 8.01282096654176712036132812e-03, -8.01282096654176712036132812e-03, -5.87606839835643768310546875e-02, 4.00641039013862609863281250e-02, -4.00641039013862609863281250e-02, -1.06837607920169830322265625e-01, -1.60256419330835342407226562e-02, 1.60256419330835342407226562e-02, 2.35042735934257507324218750e-01, -8.01282078027725219726562500e-02, 8.01282078027725219726562500e-02, 5.34188039600849151611328125e-02, 1.60256419330835342407226562e-02, 4.00641039013862609863281250e-02, -8.54700878262519836425781250e-02, 8.01282078027725219726562500e-02, 8.01282096654176712036132812e-03, 
// 8.01282096654176712036132812e-03, -5.34188048914074897766113281e-03, 8.01282096654176712036132812e-03, -4.00641039013862609863281250e-02, 5.34188039600849151611328125e-02, 1.60256419330835342407226562e-02, -8.01282096654176712036132812e-03, -8.54700878262519836425781250e-02, 8.01282078027725219726562500e-02, 4.00641039013862609863281250e-02, -5.87606839835643768310546875e-02, 4.00641039013862609863281250e-02, 1.60256419330835342407226562e-02, 5.34188039600849151611328125e-02, -4.00641039013862609863281250e-02, -8.01282078027725219726562500e-02, 2.35042735934257507324218750e-01, -8.01282078027725219726562500e-02, -1.60256419330835342407226562e-02, -1.06837607920169830322265625e-01, -1.60256419330835342407226562e-02, 8.01282078027725219726562500e-02, -8.54700878262519836425781250e-02, -8.01282096654176712036132812e-03, 
// -8.01282078027725219726562500e-02, -8.01282096654176712036132812e-03, -8.54700878262519836425781250e-02, 1.60256419330835342407226562e-02, -1.60256419330835342407226562e-02, -1.06837607920169830322265625e-01, 8.01282096654176712036132812e-03, 8.01282078027725219726562500e-02, -8.54700878262519836425781250e-02, -4.00641039013862609863281250e-02, 4.00641039013862609863281250e-02, -5.87606839835643768310546875e-02, -1.60256419330835342407226562e-02, -4.00641039013862609863281250e-02, 5.34188039600849151611328125e-02, 8.01282078027725219726562500e-02, -8.01282078027725219726562500e-02, 2.35042735934257507324218750e-01, 4.00641039013862609863281250e-02, 1.60256419330835342407226562e-02, 5.34188039600849151611328125e-02, -8.01282096654176712036132812e-03, 8.01282096654176712036132812e-03, -5.34188048914074897766113281e-03, 
// -5.87606839835643768310546875e-02, -4.00641039013862609863281250e-02, -4.00641039013862609863281250e-02, -5.34188048914074897766113281e-03, -8.01282096654176712036132812e-03, -8.01282096654176712036132812e-03, 5.34188039600849151611328125e-02, 4.00641039013862609863281250e-02, -1.60256419330835342407226562e-02, -8.54700878262519836425781250e-02, 8.01282096654176712036132812e-03, -8.01282078027725219726562500e-02, -8.54700878262519836425781250e-02, -8.01282078027725219726562500e-02, 8.01282096654176712036132812e-03, 5.34188039600849151611328125e-02, -1.60256419330835342407226562e-02, 4.00641039013862609863281250e-02, 2.35042735934257507324218750e-01, 8.01282078027725219726562500e-02, 8.01282078027725219726562500e-02, -1.06837607920169830322265625e-01, 1.60256419330835342407226562e-02, 1.60256419330835342407226562e-02, 
// -4.00641039013862609863281250e-02, -5.87606839835643768310546875e-02, -4.00641039013862609863281250e-02, 8.01282096654176712036132812e-03, -8.54700878262519836425781250e-02, -8.01282078027725219726562500e-02, 4.00641039013862609863281250e-02, 5.34188039600849151611328125e-02, -1.60256419330835342407226562e-02, -8.01282096654176712036132812e-03, -5.34188048914074897766113281e-03, -8.01282096654176712036132812e-03, -8.01282078027725219726562500e-02, -8.54700878262519836425781250e-02, 8.01282096654176712036132812e-03, 1.60256419330835342407226562e-02, -1.06837607920169830322265625e-01, 1.60256419330835342407226562e-02, 8.01282078027725219726562500e-02, 2.35042735934257507324218750e-01, 8.01282078027725219726562500e-02, -1.60256419330835342407226562e-02, 5.34188039600849151611328125e-02, 4.00641039013862609863281250e-02, 
// -4.00641039013862609863281250e-02, -4.00641039013862609863281250e-02, -5.87606839835643768310546875e-02, 8.01282096654176712036132812e-03, -8.01282078027725219726562500e-02, -8.54700878262519836425781250e-02, 1.60256419330835342407226562e-02, 1.60256419330835342407226562e-02, -1.06837607920169830322265625e-01, -8.01282078027725219726562500e-02, 8.01282096654176712036132812e-03, -8.54700878262519836425781250e-02, -8.01282096654176712036132812e-03, -8.01282096654176712036132812e-03, -5.34188048914074897766113281e-03, 4.00641039013862609863281250e-02, -1.60256419330835342407226562e-02, 5.34188039600849151611328125e-02, 8.01282078027725219726562500e-02, 8.01282078027725219726562500e-02, 2.35042735934257507324218750e-01, -1.60256419330835342407226562e-02, 4.00641039013862609863281250e-02, 5.34188039600849151611328125e-02, 
// -5.34188048914074897766113281e-03, 8.01282096654176712036132812e-03, 8.01282096654176712036132812e-03, -5.87606839835643768310546875e-02, 4.00641039013862609863281250e-02, 4.00641039013862609863281250e-02, -8.54700878262519836425781250e-02, -8.01282096654176712036132812e-03, 8.01282078027725219726562500e-02, 5.34188039600849151611328125e-02, -4.00641039013862609863281250e-02, 1.60256419330835342407226562e-02, 5.34188039600849151611328125e-02, 1.60256419330835342407226562e-02, -4.00641039013862609863281250e-02, -8.54700878262519836425781250e-02, 8.01282078027725219726562500e-02, -8.01282096654176712036132812e-03, -1.06837607920169830322265625e-01, -1.60256419330835342407226562e-02, -1.60256419330835342407226562e-02, 2.35042735934257507324218750e-01, -8.01282078027725219726562500e-02, -8.01282078027725219726562500e-02, 
// -8.01282096654176712036132812e-03, -8.54700878262519836425781250e-02, -8.01282078027725219726562500e-02, 4.00641039013862609863281250e-02, -5.87606839835643768310546875e-02, -4.00641039013862609863281250e-02, 8.01282096654176712036132812e-03, -5.34188048914074897766113281e-03, -8.01282096654176712036132812e-03, -4.00641039013862609863281250e-02, 5.34188039600849151611328125e-02, -1.60256419330835342407226562e-02, -1.60256419330835342407226562e-02, -1.06837607920169830322265625e-01, 1.60256419330835342407226562e-02, 8.01282078027725219726562500e-02, -8.54700878262519836425781250e-02, 8.01282096654176712036132812e-03, 1.60256419330835342407226562e-02, 5.34188039600849151611328125e-02, 4.00641039013862609863281250e-02, -8.01282078027725219726562500e-02, 2.35042735934257507324218750e-01, 8.01282078027725219726562500e-02, 
// -8.01282096654176712036132812e-03, -8.01282078027725219726562500e-02, -8.54700878262519836425781250e-02, 4.00641039013862609863281250e-02, -4.00641039013862609863281250e-02, -5.87606839835643768310546875e-02, 8.01282078027725219726562500e-02, 8.01282096654176712036132812e-03, -8.54700878262519836425781250e-02, -1.60256419330835342407226562e-02, 1.60256419330835342407226562e-02, -1.06837607920169830322265625e-01, -4.00641039013862609863281250e-02, -1.60256419330835342407226562e-02, 5.34188039600849151611328125e-02, 8.01282096654176712036132812e-03, -8.01282096654176712036132812e-03, -5.34188048914074897766113281e-03, 1.60256419330835342407226562e-02, 4.00641039013862609863281250e-02, 5.34188039600849151611328125e-02, -8.01282078027725219726562500e-02, 8.01282078027725219726562500e-02, 2.35042735934257507324218750e-01; 

// 	Ke2 << 2.35042735042735040362771315e-01, 8.01282051282051349661017525e-02, 8.01282051282051488438895603e-02, -1.06837606837606818865893388e-01, 1.60256410256410242176627889e-02, 1.60256410256410242176627889e-02, 5.34188034188034233107345017e-02, -1.60256410256410242176627889e-02, 4.00641025641025744219447802e-02, -8.54700854700854856238478874e-02, -8.01282051282051488438895603e-02, 8.01282051282051210883139447e-03, 5.34188034188034233107345017e-02, 4.00641025641025744219447802e-02, -1.60256410256410207482158370e-02, -8.54700854700854856238478874e-02, 8.01282051282051037410791849e-03, -8.01282051282051488438895603e-02, -5.34188034188034805566092089e-03, -8.01282051282051210883139447e-03, -8.01282051282051210883139447e-03, -5.87606837606837739684806365e-02, -4.00641025641025744219447802e-02, -4.00641025641025744219447802e-02, 
// 8.01282051282051349661017525e-02, 2.35042735042735040362771315e-01, 8.01282051282051488438895603e-02, -1.60256410256410242176627889e-02, 5.34188034188034233107345017e-02, 4.00641025641025744219447802e-02, 1.60256410256410242176627889e-02, -1.06837606837606818865893388e-01, 1.60256410256410242176627889e-02, -8.01282051282051349661017525e-02, -8.54700854700854856238478874e-02, 8.01282051282051037410791849e-03, 4.00641025641025744219447802e-02, 5.34188034188034233107345017e-02, -1.60256410256410207482158370e-02, -8.01282051282051210883139447e-03, -5.34188034188034805566092089e-03, -8.01282051282051210883139447e-03, 8.01282051282051037410791849e-03, -8.54700854700854856238478874e-02, -8.01282051282051488438895603e-02, -4.00641025641025744219447802e-02, -5.87606837606837739684806365e-02, -4.00641025641025744219447802e-02, 
// 8.01282051282051349661017525e-02, 8.01282051282051349661017525e-02, 2.35042735042735068118346931e-01, -1.60256410256410242176627889e-02, 4.00641025641025744219447802e-02, 5.34188034188034233107345017e-02, 4.00641025641025744219447802e-02, -1.60256410256410242176627889e-02, 5.34188034188034233107345017e-02, -8.01282051282051210883139447e-03, -8.01282051282051210883139447e-03, -5.34188034188034805566092089e-03, 1.60256410256410242176627889e-02, 1.60256410256410207482158370e-02, -1.06837606837606818865893388e-01, -8.01282051282051349661017525e-02, 8.01282051282051037410791849e-03, -8.54700854700854856238478874e-02, 8.01282051282051037410791849e-03, -8.01282051282051488438895603e-02, -8.54700854700854856238478874e-02, -4.00641025641025744219447802e-02, -4.00641025641025744219447802e-02, -5.87606837606837739684806365e-02, 
// -1.06837606837606818865893388e-01, -1.60256410256410207482158370e-02, -1.60256410256410207482158370e-02, 2.35042735042735040362771315e-01, -8.01282051282051349661017525e-02, -8.01282051282051349661017525e-02, -8.54700854700854856238478874e-02, 8.01282051282051488438895603e-02, -8.01282051282051210883139447e-03, 5.34188034188034233107345017e-02, 1.60256410256410207482158370e-02, -4.00641025641025744219447802e-02, -8.54700854700854856238478874e-02, -8.01282051282051210883139447e-03, 8.01282051282051488438895603e-02, 5.34188034188034233107345017e-02, -4.00641025641025744219447802e-02, 1.60256410256410242176627889e-02, -5.87606837606837739684806365e-02, 4.00641025641025744219447802e-02, 4.00641025641025744219447802e-02, -5.34188034188034805566092089e-03, 8.01282051282051037410791849e-03, 8.01282051282051037410791849e-03, 
// 1.60256410256410276871097409e-02, 5.34188034188034233107345017e-02, 4.00641025641025744219447802e-02, -8.01282051282051349661017525e-02, 2.35042735042735040362771315e-01, 8.01282051282051210883139447e-02, 8.01282051282051488438895603e-02, -8.54700854700854856238478874e-02, 8.01282051282051037410791849e-03, -1.60256410256410242176627889e-02, -1.06837606837606818865893388e-01, 1.60256410256410207482158370e-02, 8.01282051282051037410791849e-03, -5.34188034188034718829918290e-03, -8.01282051282051210883139447e-03, -4.00641025641025744219447802e-02, 5.34188034188034233107345017e-02, -1.60256410256410207482158370e-02, 4.00641025641025744219447802e-02, -5.87606837606837739684806365e-02, -4.00641025641025744219447802e-02, -8.01282051282051037410791849e-03, -8.54700854700854856238478874e-02, -8.01282051282051488438895603e-02, 
// 1.60256410256410242176627889e-02, 4.00641025641025744219447802e-02, 5.34188034188034233107345017e-02, -8.01282051282051210883139447e-02, 8.01282051282051349661017525e-02, 2.35042735042735068118346931e-01, 8.01282051282051210883139447e-03, -8.01282051282051210883139447e-03, -5.34188034188034371885223095e-03, -4.00641025641025744219447802e-02, -1.60256410256410207482158370e-02, 5.34188034188034371885223095e-02, 8.01282051282051349661017525e-02, 8.01282051282051037410791849e-03, -8.54700854700854856238478874e-02, -1.60256410256410242176627889e-02, 1.60256410256410242176627889e-02, -1.06837606837606818865893388e-01, 4.00641025641025744219447802e-02, -4.00641025641025744219447802e-02, -5.87606837606837739684806365e-02, -8.01282051282051037410791849e-03, -8.01282051282051488438895603e-02, -8.54700854700854856238478874e-02, 
// 5.34188034188034233107345017e-02, 1.60256410256410242176627889e-02, 4.00641025641025744219447802e-02, -8.54700854700854856238478874e-02, 8.01282051282051488438895603e-02, 8.01282051282051210883139447e-03, 2.35042735042735040362771315e-01, -8.01282051282051349661017525e-02, 8.01282051282051349661017525e-02, -1.06837606837606818865893388e-01, -1.60256410256410242176627889e-02, 1.60256410256410207482158370e-02, -5.34188034188034718829918290e-03, 8.01282051282051037410791849e-03, -8.01282051282051384355487045e-03, -5.87606837606837739684806365e-02, 4.00641025641025744219447802e-02, -4.00641025641025744219447802e-02, 5.34188034188034233107345017e-02, -4.00641025641025744219447802e-02, -1.60256410256410207482158370e-02, -8.54700854700854856238478874e-02, -8.01282051282051037410791849e-03, -8.01282051282051488438895603e-02, 
// -1.60256410256410207482158370e-02, -1.06837606837606818865893388e-01, -1.60256410256410242176627889e-02, 8.01282051282051488438895603e-02, -8.54700854700854856238478874e-02, -8.01282051282051210883139447e-03, -8.01282051282051210883139447e-02, 2.35042735042735040362771315e-01, -8.01282051282051210883139447e-02, 1.60256410256410242176627889e-02, 5.34188034188034163718405978e-02, -4.00641025641025744219447802e-02, -8.01282051282051210883139447e-03, -8.54700854700854856238478874e-02, 8.01282051282051488438895603e-02, 4.00641025641025744219447802e-02, -5.87606837606837739684806365e-02, 4.00641025641025744219447802e-02, -4.00641025641025744219447802e-02, 5.34188034188034233107345017e-02, 1.60256410256410242176627889e-02, 8.01282051282051210883139447e-03, -5.34188034188034718829918290e-03, 8.01282051282051210883139447e-03, 
// 4.00641025641025744219447802e-02, 1.60256410256410242176627889e-02, 5.34188034188034233107345017e-02, -8.01282051282051210883139447e-03, 8.01282051282051037410791849e-03, -5.34188034188034371885223095e-03, 8.01282051282051349661017525e-02, -8.01282051282051210883139447e-02, 2.35042735042735040362771315e-01, -1.60256410256410242176627889e-02, -4.00641025641025744219447802e-02, 5.34188034188034371885223095e-02, 8.01282051282051037410791849e-03, 8.01282051282051349661017525e-02, -8.54700854700854856238478874e-02, -4.00641025641025744219447802e-02, 4.00641025641025674830508763e-02, -5.87606837606837739684806365e-02, 1.60256410256410207482158370e-02, -1.60256410256410242176627889e-02, -1.06837606837606818865893388e-01, -8.01282051282051210883139447e-02, -8.01282051282051210883139447e-03, -8.54700854700854856238478874e-02, 
// -8.54700854700854856238478874e-02, -8.01282051282051349661017525e-02, -8.01282051282051210883139447e-03, 5.34188034188034233107345017e-02, -1.60256410256410242176627889e-02, -4.00641025641025744219447802e-02, -1.06837606837606818865893388e-01, 1.60256410256410207482158370e-02, -1.60256410256410242176627889e-02, 2.35042735042735040362771315e-01, 8.01282051282051349661017525e-02, -8.01282051282051488438895603e-02, -5.87606837606837739684806365e-02, -4.00641025641025744219447802e-02, 4.00641025641025744219447802e-02, -5.34188034188034805566092089e-03, -8.01282051282051037410791849e-03, 8.01282051282051210883139447e-03, -8.54700854700854856238478874e-02, 8.01282051282051210883139447e-03, 8.01282051282051349661017525e-02, 5.34188034188034233107345017e-02, 4.00641025641025744219447802e-02, 1.60256410256410242176627889e-02, 
// -8.01282051282051488438895603e-02, -8.54700854700854856238478874e-02, -8.01282051282051210883139447e-03, 1.60256410256410207482158370e-02, -1.06837606837606818865893388e-01, -1.60256410256410207482158370e-02, -1.60256410256410242176627889e-02, 5.34188034188034163718405978e-02, -4.00641025641025744219447802e-02, 8.01282051282051349661017525e-02, 2.35042735042735040362771315e-01, -8.01282051282051488438895603e-02, -4.00641025641025744219447802e-02, -5.87606837606837739684806365e-02, 4.00641025641025744219447802e-02, 8.01282051282051037410791849e-03, -8.54700854700854856238478874e-02, 8.01282051282051349661017525e-02, -8.01282051282051037410791849e-03, -5.34188034188034718829918290e-03, 8.01282051282051210883139447e-03, 4.00641025641025744219447802e-02, 5.34188034188034233107345017e-02, 1.60256410256410242176627889e-02, 
// 8.01282051282051210883139447e-03, 8.01282051282051037410791849e-03, -5.34188034188034458621396894e-03, -4.00641025641025744219447802e-02, 1.60256410256410242176627889e-02, 5.34188034188034233107345017e-02, 1.60256410256410242176627889e-02, -4.00641025641025744219447802e-02, 5.34188034188034371885223095e-02, -8.01282051282051349661017525e-02, -8.01282051282051349661017525e-02, 2.35042735042735040362771315e-01, 4.00641025641025744219447802e-02, 4.00641025641025744219447802e-02, -5.87606837606837739684806365e-02, -8.01282051282051210883139447e-03, 8.01282051282051349661017525e-02, -8.54700854700854856238478874e-02, 8.01282051282051349661017525e-02, -8.01282051282051210883139447e-03, -8.54700854700854856238478874e-02, -1.60256410256410207482158370e-02, -1.60256410256410242176627889e-02, -1.06837606837606818865893388e-01, 
// 5.34188034188034233107345017e-02, 4.00641025641025744219447802e-02, 1.60256410256410242176627889e-02, -8.54700854700854856238478874e-02, 8.01282051282051037410791849e-03, 8.01282051282051349661017525e-02, -5.34188034188034718829918290e-03, -8.01282051282051384355487045e-03, 8.01282051282051210883139447e-03, -5.87606837606837739684806365e-02, -4.00641025641025744219447802e-02, 4.00641025641025744219447802e-02, 2.35042735042735040362771315e-01, 8.01282051282051349661017525e-02, -8.01282051282051349661017525e-02, -1.06837606837606818865893388e-01, 1.60256410256410207482158370e-02, -1.60256410256410242176627889e-02, 5.34188034188034233107345017e-02, -1.60256410256410207482158370e-02, -4.00641025641025744219447802e-02, -8.54700854700854856238478874e-02, -8.01282051282051488438895603e-02, -8.01282051282051037410791849e-03, 
// 4.00641025641025744219447802e-02, 5.34188034188034233107345017e-02, 1.60256410256410242176627889e-02, -8.01282051282051210883139447e-03, -5.34188034188034718829918290e-03, 8.01282051282051037410791849e-03, 8.01282051282051037410791849e-03, -8.54700854700854856238478874e-02, 8.01282051282051349661017525e-02, -4.00641025641025744219447802e-02, -5.87606837606837739684806365e-02, 4.00641025641025744219447802e-02, 8.01282051282051349661017525e-02, 2.35042735042735040362771315e-01, -8.01282051282051349661017525e-02, -1.60256410256410207482158370e-02, 5.34188034188034371885223095e-02, -4.00641025641025744219447802e-02, 1.60256410256410207482158370e-02, -1.06837606837606818865893388e-01, -1.60256410256410242176627889e-02, -8.01282051282051488438895603e-02, -8.54700854700854856238478874e-02, -8.01282051282051210883139447e-03, 
// -1.60256410256410207482158370e-02, -1.60256410256410207482158370e-02, -1.06837606837606818865893388e-01, 8.01282051282051488438895603e-02, -8.01282051282051210883139447e-03, -8.54700854700854856238478874e-02, -8.01282051282051210883139447e-03, 8.01282051282051488438895603e-02, -8.54700854700854856238478874e-02, 4.00641025641025744219447802e-02, 4.00641025641025744219447802e-02, -5.87606837606837739684806365e-02, -8.01282051282051349661017525e-02, -8.01282051282051488438895603e-02, 2.35042735042735040362771315e-01, 1.60256410256410207482158370e-02, -4.00641025641025744219447802e-02, 5.34188034188034163718405978e-02, -4.00641025641025744219447802e-02, 1.60256410256410242176627889e-02, 5.34188034188034233107345017e-02, 8.01282051282051210883139447e-03, 8.01282051282051210883139447e-03, -5.34188034188034632093744491e-03, 
// -8.54700854700854856238478874e-02, -8.01282051282051210883139447e-03, -8.01282051282051349661017525e-02, 5.34188034188034233107345017e-02, -4.00641025641025744219447802e-02, -1.60256410256410242176627889e-02, -5.87606837606837739684806365e-02, 4.00641025641025744219447802e-02, -4.00641025641025744219447802e-02, -5.34188034188034805566092089e-03, 8.01282051282051210883139447e-03, -8.01282051282051210883139447e-03, -1.06837606837606818865893388e-01, -1.60256410256410207482158370e-02, 1.60256410256410207482158370e-02, 2.35042735042735040362771315e-01, -8.01282051282051488438895603e-02, 8.01282051282051349661017525e-02, -8.54700854700854856238478874e-02, 8.01282051282051349661017525e-02, 8.01282051282051210883139447e-03, 5.34188034188034233107345017e-02, 1.60256410256410242176627889e-02, 4.00641025641025744219447802e-02, 
// 8.01282051282051037410791849e-03, -5.34188034188034805566092089e-03, 8.01282051282051037410791849e-03, -4.00641025641025744219447802e-02, 5.34188034188034233107345017e-02, 1.60256410256410242176627889e-02, 4.00641025641025744219447802e-02, -5.87606837606837739684806365e-02, 4.00641025641025744219447802e-02, -8.01282051282051037410791849e-03, -8.54700854700854856238478874e-02, 8.01282051282051349661017525e-02, 1.60256410256410242176627889e-02, 5.34188034188034371885223095e-02, -4.00641025641025744219447802e-02, -8.01282051282051349661017525e-02, 2.35042735042735040362771315e-01, -8.01282051282051349661017525e-02, 8.01282051282051349661017525e-02, -8.54700854700854856238478874e-02, -8.01282051282051210883139447e-03, -1.60256410256410207482158370e-02, -1.06837606837606818865893388e-01, -1.60256410256410242176627889e-02, 
